1 8 0.9
1 16 0.9
1 19 0.9
1 20 0.9
1 23 0.9
1 33 0.9
1 37 0.9
1 53 0.9
1 83 0.9
1 313 0.9
1 323 0.9
1 430 0.9
1 478 0.9
1 902 0.9
1 1291 0.9
1 1442 0.9
1 1522 0.9
1 1703 0.9
1 1706 0.9
1 1710 0.9
1 1925 0.9
1 2505 0.9
1 2589 0.9
1 2601 0.9
1 3107 0.9
2 5 0.9
2 16 0.9
2 313 0.9
2 1291 0.9
2 1522 0.9
2 2505 0.9
3 16 0.9
3 1202 0.9
3 1522 0.9
3 1703 0.9
4 8 0.9
4 12 0.9
4 13 0.9
4 16 0.9
4 20 0.9
4 26 0.9
4 83 0.9
4 252 0.9
4 313 0.9
4 442 0.9
4 902 0.9
4 1198 0.9
4 1291 0.9
4 1522 0.9
4 1703 0.9
4 1706 0.9
4 1925 0.9
4 2314 0.9
4 2505 0.9
4 2528 0.9
4 3107 0.9
4 3143 0.9
5 2 0.9
5 16 0.9
5 313 0.9
5 1291 0.9
5 1522 0.9
5 2505 0.9
8 1 0.9
8 4 0.9
8 12 0.9
8 13 0.9
8 16 0.9
8 20 0.9
8 280 0.9
8 1522 0.9
8 1703 0.9
8 1706 0.9
8 1925 0.9
8 2019 0.9
8 2314 0.9
8 3107 0.9
8 3470 0.9
9 16 0.9
9 20 0.9
9 233 0.9
9 313 0.9
9 1291 0.9
9 1522 0.9
9 1639 0.9
9 1925 0.9
9 2208 0.9
9 2505 0.9
9 3745 0.9
10 16 0.9
10 1522 0.9
10 1925 0.9
11 16 0.9
12 4 0.9
12 8 0.9
12 15 0.9
12 16 0.9
12 20 0.9
12 23 0.9
12 83 0.9
12 313 0.9
12 902 0.9
12 1522 0.9
12 1703 0.9
12 2019 0.9
13 4 0.9
13 8 0.9
13 16 0.9
13 83 0.9
13 1522 0.9
13 1706 0.9
13 2019 0.9
13 3107 0.9
15 12 0.9
15 16 0.9
15 1522 0.9
16 1 0.9
16 2 0.9
16 3 0.9
16 4 0.9
16 5 0.9
16 8 0.9
16 9 0.9
16 10 0.9
16 11 0.9
16 12 0.9
16 13 0.9
16 15 0.9
16 17 0.9
16 18 0.9
16 19 0.9
16 20 0.9
16 23 0.9
16 25 0.9
16 27 0.9
16 28 0.9
16 29 0.9
16 30 0.9
16 33 0.9
16 37 0.9
16 41 0.9
16 42 0.9
16 53 0.9
16 58 0.9
16 79 0.9
16 83 0.9
16 86 0.9
16 87 0.9
16 88 0.9
16 89 0.9
16 90 0.9
16 132 0.9
16 142 0.9
16 143 0.9
16 145 0.9
16 214 0.9
16 253 0.9
16 261 0.9
16 280 0.9
16 313 0.9
16 412 0.9
16 442 0.9
16 478 0.9
16 479 0.9
16 483 0.9
16 486 0.9
16 493 0.9
16 531 0.9
16 593 0.9
16 742 0.9
16 782 0.9
16 783 0.9
16 791 0.9
16 869 0.9
16 880 0.9
16 897 0.9
16 902 0.9
16 906 0.9
16 917 0.9
16 918 0.9
16 933 0.9
16 960 0.9
16 1008 0.9
16 1030 0.9
16 1049 0.9
16 1069 0.9
16 1137 0.9
16 1189 0.9
16 1198 0.9
16 1202 0.9
16 1291 0.9
16 1295 0.9
16 1320 0.9
16 1355 0.9
16 1388 0.9
16 1390 0.9
16 1442 0.9
16 1473 0.9
16 1522 0.9
16 1561 0.9
16 1564 0.9
16 1567 0.9
16 1654 0.9
16 1700 0.9
16 1703 0.9
16 1706 0.9
16 1710 0.9
16 1711 0.9
16 1728 0.9
16 1901 0.9
16 1925 0.9
16 2019 0.9
16 2030 0.9
16 2034 0.9
16 2067 0.9
16 2071 0.9
16 2096 0.9
16 2167 0.9
16 2173 0.9
16 2174 0.9
16 2175 0.9
16 2176 0.9
16 2177 0.9
16 2220 0.9
16 2252 0.9
16 2254 0.9
16 2272 0.9
16 2273 0.9
16 2401 0.9
16 2408 0.9
16 2440 0.9
16 2505 0.9
16 2591 0.9
16 2597 0.9
16 2616 0.9
16 2617 0.9
16 2632 0.9
16 3053 0.9
16 3107 0.9
16 3127 0.9
16 3132 0.9
16 3143 0.9
16 3249 0.9
16 3269 0.9
16 3272 0.9
16 3337 0.9
16 3348 0.9
16 3405 0.9
16 3429 0.9
16 3433 0.9
16 3470 0.9
16 3568 0.9
16 3573 0.9
16 3621 0.9
16 3718 0.9
16 3723 0.9
16 3730 0.9
16 3785 0.9
16 3807 0.9
16 3839 0.9
17 16 0.9
17 23 0.9
17 99 0.9
17 1522 0.9
17 1703 0.9
18 16 0.9
18 25 0.9
18 83 0.9
18 1522 0.9
19 1 0.9
19 16 0.9
19 313 0.9
19 1291 0.9
19 1522 0.9
19 1925 0.9
19 2505 0.9
19 3338 0.9
20 1 0.9
20 4 0.9
20 8 0.9
20 9 0.9
20 12 0.9
20 16 0.9
20 23 0.9
20 37 0.9
20 83 0.9
20 313 0.9
20 742 0.9
20 902 0.9
20 933 0.9
20 934 0.9
20 1291 0.9
20 1522 0.9
20 1703 0.9
20 1925 0.9
20 1988 0.9
20 2019 0.9
20 2089 0.9
20 2252 0.9
20 2505 0.9
20 3096 0.9
20 3098 0.9
20 3107 0.9
20 3405 0.9
23 1 0.9
23 12 0.9
23 16 0.9
23 17 0.9
23 20 0.9
23 1522 0.9
23 1703 0.9
23 3132 0.9
25 16 0.9
25 18 0.9
25 1291 0.9
25 1522 0.9
25 2505 0.9
26 4 0.9
26 1522 0.9
26 2019 0.9
27 16 0.9
27 83 0.9
27 1522 0.9
28 16 0.9
28 1522 0.9
29 16 0.9
30 16 0.9
33 1 0.9
33 16 0.9
33 1388 0.9
33 1522 0.9
33 3718 0.9
37 1 0.9
37 16 0.9
37 20 0.9
37 62 0.9
37 88 0.9
37 782 0.9
37 783 0.9
37 1522 0.9
37 1564 0.9
37 1925 0.9
37 2314 0.9
37 3128 0.9
37 3131 0.9
37 3269 0.9
37 3272 0.9
38 1522 0.9
41 16 0.9
41 1522 0.9
42 16 0.9
46 1522 0.9
50 881 0.9
52 1522 0.9
53 1 0.9
53 16 0.9
53 330 0.9
53 1925 0.9
56 1442 0.9
56 1522 0.9
58 16 0.9
62 37 0.9
68 1522 0.9
79 16 0.9
79 1522 0.9
83 1 0.9
83 4 0.9
83 12 0.9
83 13 0.9
83 16 0.9
83 18 0.9
83 20 0.9
83 27 0.9
83 110 0.9
83 313 0.9
83 483 0.9
83 824 0.9
83 1291 0.9
83 1390 0.9
83 1522 0.9
83 1703 0.9
83 2019 0.9
83 2173 0.9
83 2174 0.9
83 2175 0.9
83 2176 0.9
83 2177 0.9
83 2505 0.9
83 2967 0.9
83 3053 0.9
83 3107 0.9
83 3150 0.9
83 3348 0.9
86 16 0.9
86 1522 0.9
87 16 0.9
87 425 0.9
87 902 0.9
87 3624 0.9
88 16 0.9
88 37 0.9
88 1522 0.9
89 16 0.9
90 16 0.9
99 17 0.9
99 1522 0.9
99 3132 0.9
110 83 0.9
110 1522 0.9
110 1645 0.9
110 3694 0.9
115 493 0.9
118 1522 0.9
132 16 0.9
142 16 0.9
142 1522 0.9
143 16 0.9
143 313 0.9
145 16 0.9
188 1522 0.9
203 1522 0.9
214 16 0.9
233 9 0.9
233 1522 0.9
233 3405 0.9
252 4 0.9
252 2019 0.9
253 16 0.9
253 902 0.9
253 1522 0.9
260 3107 0.9
261 16 0.9
266 1522 0.9
266 1925 0.9
280 8 0.9
280 16 0.9
280 1522 0.9
313 1 0.9
313 2 0.9
313 4 0.9
313 5 0.9
313 9 0.9
313 12 0.9
313 16 0.9
313 19 0.9
313 20 0.9
313 83 0.9
313 143 0.9
313 902 0.9
313 1008 0.9
313 1030 0.9
313 1291 0.9
313 1442 0.9
313 1522 0.9
313 1703 0.9
313 1925 0.9
313 2019 0.9
313 2505 0.9
313 3107 0.9
313 3405 0.9
323 1 0.9
330 53 0.9
330 478 0.9
343 902 0.9
412 16 0.9
425 87 0.9
425 1522 0.9
425 1561 0.9
430 1 0.9
442 4 0.9
442 16 0.9
442 2019 0.9
478 1 0.9
478 16 0.9
478 330 0.9
478 1925 0.9
479 16 0.9
483 16 0.9
483 83 0.9
483 1522 0.9
486 16 0.9
486 902 0.9
486 1522 0.9
492 1291 0.9
492 2505 0.9
493 16 0.9
493 115 0.9
512 1522 0.9
531 16 0.9
557 3107 0.9
593 16 0.9
660 1388 0.9
660 3718 0.9
673 1522 0.9
689 3107 0.9
695 1522 0.9
699 1522 0.9
740 3107 0.9
742 16 0.9
742 20 0.9
742 902 0.9
742 1291 0.9
742 2505 0.9
746 1522 0.9
749 1126 0.9
749 3736 0.9
770 1522 0.9
781 1522 0.9
782 16 0.9
782 37 0.9
782 1522 0.9
783 16 0.9
783 37 0.9
783 1522 0.9
791 16 0.9
822 1522 0.9
824 83 0.9
843 1522 0.9
869 16 0.9
880 16 0.9
881 50 0.9
881 1522 0.9
881 3053 0.9
897 16 0.9
902 1 0.9
902 4 0.9
902 12 0.9
902 16 0.9
902 20 0.9
902 87 0.9
902 253 0.9
902 313 0.9
902 343 0.9
902 486 0.9
902 742 0.9
902 1137 0.9
902 1271 0.9
902 1291 0.9
902 1522 0.9
902 1561 0.9
902 1703 0.9
902 2019 0.9
902 2220 0.9
902 2254 0.9
902 2272 0.9
902 2273 0.9
902 2505 0.9
902 3107 0.9
906 16 0.9
917 16 0.9
918 16 0.9
918 1522 0.9
933 16 0.9
933 20 0.9
933 1522 0.9
933 1925 0.9
934 20 0.9
934 1522 0.9
960 16 0.9
960 1388 0.9
960 1522 0.9
960 1703 0.9
960 3718 0.9
1008 16 0.9
1008 313 0.9
1030 16 0.9
1030 313 0.9
1030 1522 0.9
1049 16 0.9
1069 16 0.9
1126 749 0.9
1126 3732 0.9
1137 16 0.9
1137 902 0.9
1189 16 0.9
1189 1522 0.9
1198 4 0.9
1198 16 0.9
1198 2019 0.9
1202 3 0.9
1202 16 0.9
1202 1522 0.9
1271 902 0.9
1271 3053 0.9
1291 1 0.9
1291 2 0.9
1291 4 0.9
1291 5 0.9
1291 9 0.9
1291 16 0.9
1291 19 0.9
1291 20 0.9
1291 25 0.9
1291 83 0.9
1291 313 0.9
1291 492 0.9
1291 742 0.9
1291 902 0.9
1291 1522 0.9
1291 1703 0.9
1291 1925 0.9
1291 2019 0.9
1291 3370 0.9
1291 3405 0.9
1295 16 0.9
1320 16 0.9
1355 16 0.9
1388 16 0.9
1388 33 0.9
1388 660 0.9
1388 960 0.9
1388 1522 0.9
1390 16 0.9
1390 83 0.9
1390 1522 0.9
1441 1522 0.9
1442 1 0.9
1442 16 0.9
1442 56 0.9
1442 313 0.9
1442 1522 0.9
1451 3107 0.9
1458 1522 0.9
1473 16 0.9
1479 1522 0.9
1522 1 0.9
1522 2 0.9
1522 3 0.9
1522 4 0.9
1522 5 0.9
1522 8 0.9
1522 9 0.9
1522 10 0.9
1522 12 0.9
1522 13 0.9
1522 15 0.9
1522 16 0.9
1522 17 0.9
1522 18 0.9
1522 19 0.9
1522 20 0.9
1522 23 0.9
1522 25 0.9
1522 26 0.9
1522 27 0.9
1522 28 0.9
1522 33 0.9
1522 37 0.9
1522 38 0.9
1522 41 0.9
1522 46 0.9
1522 52 0.9
1522 56 0.9
1522 68 0.9
1522 79 0.9
1522 83 0.9
1522 86 0.9
1522 88 0.9
1522 99 0.9
1522 110 0.9
1522 118 0.9
1522 142 0.9
1522 188 0.9
1522 203 0.9
1522 233 0.9
1522 253 0.9
1522 266 0.9
1522 280 0.9
1522 313 0.9
1522 425 0.9
1522 483 0.9
1522 486 0.9
1522 512 0.9
1522 673 0.9
1522 695 0.9
1522 699 0.9
1522 746 0.9
1522 770 0.9
1522 781 0.9
1522 782 0.9
1522 783 0.9
1522 822 0.9
1522 843 0.9
1522 881 0.9
1522 902 0.9
1522 918 0.9
1522 933 0.9
1522 934 0.9
1522 960 0.9
1522 1030 0.9
1522 1189 0.9
1522 1202 0.9
1522 1291 0.9
1522 1388 0.9
1522 1390 0.9
1522 1441 0.9
1522 1442 0.9
1522 1458 0.9
1522 1479 0.9
1522 1564 0.9
1522 1645 0.9
1522 1703 0.9
1522 1706 0.9
1522 1710 0.9
1522 1711 0.9
1522 1755 0.9
1522 1915 0.9
1522 1925 0.9
1522 1988 0.9
1522 2010 0.9
1522 2019 0.9
1522 2173 0.9
1522 2174 0.9
1522 2175 0.9
1522 2176 0.9
1522 2177 0.9
1522 2208 0.9
1522 2244 0.9
1522 2252 0.9
1522 2254 0.9
1522 2314 0.9
1522 2505 0.9
1522 2573 0.9
1522 2589 0.9
1522 2597 0.9
1522 2631 0.9
1522 2691 0.9
1522 2967 0.9
1522 3096 0.9
1522 3098 0.9
1522 3107 0.9
1522 3132 0.9
1522 3147 0.9
1522 3150 0.9
1522 3248 0.9
1522 3269 0.9
1522 3272 0.9
1522 3348 0.9
1522 3379 0.9
1522 3405 0.9
1522 3433 0.9
1522 3470 0.9
1522 3568 0.9
1522 3624 0.9
1522 3694 0.9
1522 3718 0.9
1522 3730 0.9
1522 3857 0.9
1561 16 0.9
1561 425 0.9
1561 902 0.9
1561 3624 0.9
1564 16 0.9
1564 37 0.9
1564 1522 0.9
1567 16 0.9
1639 9 0.9
1639 3405 0.9
1645 110 0.9
1645 1522 0.9
1645 3150 0.9
1654 16 0.9
1700 16 0.9
1703 1 0.9
1703 3 0.9
1703 4 0.9
1703 8 0.9
1703 12 0.9
1703 16 0.9
1703 17 0.9
1703 20 0.9
1703 23 0.9
1703 83 0.9
1703 313 0.9
1703 902 0.9
1703 960 0.9
1703 1291 0.9
1703 1522 0.9
1703 1706 0.9
1703 1710 0.9
1703 1925 0.9
1703 2019 0.9
1703 2252 0.9
1703 2505 0.9
1703 3107 0.9
1703 3132 0.9
1706 1 0.9
1706 4 0.9
1706 8 0.9
1706 13 0.9
1706 16 0.9
1706 1522 0.9
1706 1703 0.9
1706 2019 0.9
1710 1 0.9
1710 16 0.9
1710 1522 0.9
1710 1703 0.9
1710 1925 0.9
1711 16 0.9
1711 1522 0.9
1728 16 0.9
1755 1522 0.9
1901 16 0.9
1915 1522 0.9
1925 1 0.9
1925 4 0.9
1925 8 0.9
1925 9 0.9
1925 10 0.9
1925 16 0.9
1925 19 0.9
1925 20 0.9
1925 37 0.9
1925 53 0.9
1925 266 0.9
1925 313 0.9
1925 478 0.9
1925 933 0.9
1925 1291 0.9
1925 1522 0.9
1925 1703 0.9
1925 1710 0.9
1925 2019 0.9
1925 2505 0.9
1925 3107 0.9
1925 3405 0.9
1988 20 0.9
1988 1522 0.9
1992 3107 0.9
2010 1522 0.9
2019 8 0.9
2019 12 0.9
2019 13 0.9
2019 16 0.9
2019 20 0.9
2019 26 0.9
2019 83 0.9
2019 252 0.9
2019 313 0.9
2019 442 0.9
2019 902 0.9
2019 1198 0.9
2019 1291 0.9
2019 1522 0.9
2019 1703 0.9
2019 1706 0.9
2019 1925 0.9
2019 2314 0.9
2019 2505 0.9
2019 2528 0.9
2019 3107 0.9
2019 3143 0.9
2030 16 0.9
2034 16 0.9
2067 16 0.9
2071 16 0.9
2089 20 0.9
2096 16 0.9
2167 16 0.9
2173 16 0.9
2173 83 0.9
2173 1522 0.9
2174 16 0.9
2174 83 0.9
2174 1522 0.9
2175 16 0.9
2175 83 0.9
2175 1522 0.9
2176 16 0.9
2176 83 0.9
2176 1522 0.9
2177 16 0.9
2177 83 0.9
2177 1522 0.9
2208 9 0.9
2208 1522 0.9
2208 3405 0.9
2220 16 0.9
2220 902 0.9
2244 1522 0.9
2252 16 0.9
2252 20 0.9
2252 1522 0.9
2252 1703 0.9
2254 16 0.9
2254 902 0.9
2254 1522 0.9
2272 16 0.9
2272 902 0.9
2273 16 0.9
2273 902 0.9
2314 4 0.9
2314 8 0.9
2314 37 0.9
2314 1522 0.9
2314 2019 0.9
2401 16 0.9
2408 16 0.9
2440 16 0.9
2505 1 0.9
2505 2 0.9
2505 4 0.9
2505 5 0.9
2505 9 0.9
2505 16 0.9
2505 19 0.9
2505 20 0.9
2505 25 0.9
2505 83 0.9
2505 313 0.9
2505 492 0.9
2505 742 0.9
2505 902 0.9
2505 1522 0.9
2505 1703 0.9
2505 1925 0.9
2505 2019 0.9
2505 3370 0.9
2505 3405 0.9
2528 4 0.9
2528 2019 0.9
2573 1522 0.9
2589 1 0.9
2589 1522 0.9
2589 3107 0.9
2591 16 0.9
2597 16 0.9
2597 1522 0.9
2601 1 0.9
2616 16 0.9
2617 16 0.9
2631 1522 0.9
2632 16 0.9
2691 1522 0.9
2833 3053 0.9
2967 83 0.9
2967 1522 0.9
3053 16 0.9
3053 83 0.9
3053 881 0.9
3053 1271 0.9
3053 2833 0.9
3096 20 0.9
3096 1522 0.9
3098 20 0.9
3098 1522 0.9
3107 1 0.9
3107 4 0.9
3107 8 0.9
3107 13 0.9
3107 16 0.9
3107 20 0.9
3107 83 0.9
3107 260 0.9
3107 313 0.9
3107 557 0.9
3107 689 0.9
3107 740 0.9
3107 902 0.9
3107 1451 0.9
3107 1522 0.9
3107 1703 0.9
3107 1925 0.9
3107 1992 0.9
3107 2019 0.9
3107 2589 0.9
3127 16 0.9
3128 37 0.9
3131 37 0.9
3132 16 0.9
3132 23 0.9
3132 99 0.9
3132 1522 0.9
3132 1703 0.9
3143 4 0.9
3143 16 0.9
3143 2019 0.9
3147 1522 0.9
3150 83 0.9
3150 1522 0.9
3150 1645 0.9
3150 3694 0.9
3248 1522 0.9
3249 16 0.9
3269 16 0.9
3269 37 0.9
3269 1522 0.9
3272 16 0.9
3272 37 0.9
3272 1522 0.9
3337 16 0.9
3338 19 0.9
3348 16 0.9
3348 83 0.9
3348 1522 0.9
3370 1291 0.9
3370 2505 0.9
3379 1522 0.9
3405 16 0.9
3405 20 0.9
3405 233 0.9
3405 313 0.9
3405 1291 0.9
3405 1522 0.9
3405 1639 0.9
3405 1925 0.9
3405 2208 0.9
3405 2505 0.9
3405 3745 0.9
3429 16 0.9
3433 16 0.9
3433 1522 0.9
3470 8 0.9
3470 16 0.9
3470 1522 0.9
3568 16 0.9
3568 1522 0.9
3573 16 0.9
3621 16 0.9
3624 87 0.9
3624 1522 0.9
3624 1561 0.9
3694 110 0.9
3694 1522 0.9
3694 3150 0.9
3718 16 0.9
3718 33 0.9
3718 660 0.9
3718 960 0.9
3718 1522 0.9
3723 16 0.9
3730 16 0.9
3730 1522 0.9
3732 1126 0.9
3732 3736 0.9
3736 749 0.9
3736 3732 0.9
3745 9 0.9
3745 3405 0.9
3785 16 0.9
3807 16 0.9
3839 16 0.9
3857 1522 0.9
