1 2 0.9
1 3 0.9
1 4 0.9
1 5 0.9
1 7 0.9
1 8 0.9
1 9 0.9
1 10 0.9
1 11 0.9
1 12 0.9
1 13 0.9
1 14 0.9
1 15 0.9
1 16 0.9
1 17 0.9
1 18 0.9
1 19 0.9
1 20 0.9
1 23 0.9
1 24 0.9
1 25 0.9
1 28 0.9
1 30 0.9
1 33 0.9
1 35 0.9
1 37 0.9
1 39 0.9
1 41 0.9
1 42 0.9
1 43 0.9
1 47 0.9
1 50 0.9
1 51 0.9
1 52 0.9
1 53 0.9
1 64 0.9
1 77 0.9
1 79 0.9
1 83 0.9
1 100 0.9
1 172 0.9
1 289 0.9
1 313 0.9
1 478 0.9
1 538 0.9
1 607 0.9
1 770 0.9
1 866 0.9
1 902 0.9
1 933 0.9
1 960 0.9
1 1019 0.9
1 1030 0.9
1 1291 0.9
1 1333 0.9
1 1388 0.9
1 1511 0.9
1 1522 0.9
1 1589 0.9
1 1612 0.9
1 1615 0.9
1 1700 0.9
1 1703 0.9
1 1706 0.9
1 1710 0.9
1 1719 0.9
1 1770 0.9
1 1915 0.9
1 1925 0.9
1 1988 0.9
1 2019 0.9
1 2023 0.9
1 2036 0.9
1 2136 0.9
1 2244 0.9
1 2252 0.9
1 2272 0.9
1 2273 0.9
1 2314 0.9
1 2347 0.9
1 2408 0.9
1 2423 0.9
1 2505 0.9
1 2523 0.9
1 2567 0.9
1 2589 0.9
1 2633 0.9
1 2634 0.9
1 2635 0.9
1 2636 0.9
1 2637 0.9
1 2640 0.9
1 2656 0.9
1 2691 0.9
1 2752 0.9
1 3096 0.9
1 3098 0.9
1 3107 0.9
1 3127 0.9
1 3132 0.9
1 3137 0.9
1 3240 0.9
1 3249 0.9
1 3305 0.9
1 3405 0.9
1 3421 0.9
1 3438 0.9
1 3573 0.9
1 3647 0.9
1 3684 0.9
1 3718 0.9
2 1 0.9
2 3 0.9
2 4 0.9
2 5 0.9
2 7 0.9
2 8 0.9
2 9 0.9
2 11 0.9
2 12 0.9
2 13 0.9
2 14 0.9
2 15 0.9
2 16 0.9
2 18 0.9
2 25 0.9
2 28 0.9
2 29 0.9
2 30 0.9
2 31 0.9
2 35 0.9
2 36 0.9
2 37 0.9
2 39 0.9
2 40 0.9
2 41 0.9
2 42 0.9
2 43 0.9
2 46 0.9
2 48 0.9
2 50 0.9
2 51 0.9
2 53 0.9
2 58 0.9
2 59 0.9
2 70 0.9
2 75 0.9
2 79 0.9
2 80 0.9
2 83 0.9
2 86 0.9
2 100 0.9
2 121 0.9
2 124 0.9
2 142 0.9
2 209 0.9
2 232 0.9
2 266 0.9
2 270 0.9
2 289 0.9
2 298 0.9
2 318 0.9
2 332 0.9
2 370 0.9
2 420 0.9
2 427 0.9
2 442 0.9
2 455 0.9
2 478 0.9
2 538 0.9
2 626 0.9
2 704 0.9
2 726 0.9
2 761 0.9
2 839 0.9
2 866 0.9
2 902 0.9
2 960 0.9
2 1017 0.9
2 1030 0.9
2 1115 0.9
2 1198 0.9
2 1291 0.9
2 1333 0.9
2 1388 0.9
2 1511 0.9
2 1522 0.9
2 1534 0.9
2 1538 0.9
2 1555 0.9
2 1557 0.9
2 1589 0.9
2 1612 0.9
2 1615 0.9
2 1645 0.9
2 1682 0.9
2 1683 0.9
2 1686 0.9
2 1700 0.9
2 1703 0.9
2 1706 0.9
2 1710 0.9
2 1719 0.9
2 1847 0.9
2 1858 0.9
2 1925 0.9
2 1932 0.9
2 1988 0.9
2 2019 0.9
2 2034 0.9
2 2067 0.9
2 2081 0.9
2 2089 0.9
2 2097 0.9
2 2124 0.9
2 2272 0.9
2 2273 0.9
2 2347 0.9
2 2401 0.9
2 2408 0.9
2 2414 0.9
2 2451 0.9
2 2452 0.9
2 2505 0.9
2 2523 0.9
2 2567 0.9
2 2582 0.9
2 2640 0.9
2 2656 0.9
2 2734 0.9
2 2752 0.9
2 2832 0.9
2 2957 0.9
2 3047 0.9
2 3096 0.9
2 3098 0.9
2 3107 0.9
2 3127 0.9
2 3136 0.9
2 3137 0.9
2 3143 0.9
2 3223 0.9
2 3232 0.9
2 3249 0.9
2 3305 0.9
2 3337 0.9
2 3350 0.9
2 3405 0.9
2 3421 0.9
2 3438 0.9
2 3440 0.9
2 3482 0.9
2 3495 0.9
2 3535 0.9
2 3536 0.9
2 3573 0.9
2 3611 0.9
2 3647 0.9
2 3683 0.9
2 3684 0.9
2 3689 0.9
2 3690 0.9
2 3694 0.9
2 3718 0.9
2 3753 0.9
3 1 0.9
3 2 0.9
3 4 0.9
3 5 0.9
3 7 0.9
3 8 0.9
3 9 0.9
3 10 0.9
3 11 0.9
3 12 0.9
3 13 0.9
3 14 0.9
3 15 0.9
3 17 0.9
3 18 0.9
3 20 0.9
3 24 0.9
3 25 0.9
3 27 0.9
3 30 0.9
3 31 0.9
3 36 0.9
3 37 0.9
3 39 0.9
3 40 0.9
3 42 0.9
3 53 0.9
3 58 0.9
3 83 0.9
3 94 0.9
3 99 0.9
3 106 0.9
3 124 0.9
3 143 0.9
3 232 0.9
3 478 0.9
3 483 0.9
3 538 0.9
3 726 0.9
3 756 0.9
3 811 0.9
3 902 0.9
3 933 0.9
3 960 0.9
3 969 0.9
3 1008 0.9
3 1030 0.9
3 1086 0.9
3 1202 0.9
3 1291 0.9
3 1388 0.9
3 1390 0.9
3 1511 0.9
3 1522 0.9
3 1550 0.9
3 1555 0.9
3 1612 0.9
3 1686 0.9
3 1700 0.9
3 1703 0.9
3 1706 0.9
3 1710 0.9
3 1788 0.9
3 1925 0.9
3 1952 0.9
3 1953 0.9
3 1954 0.9
3 1977 0.9
3 1988 0.9
3 2018 0.9
3 2019 0.9
3 2081 0.9
3 2173 0.9
3 2174 0.9
3 2175 0.9
3 2176 0.9
3 2177 0.9
3 2272 0.9
3 2273 0.9
3 2408 0.9
3 2456 0.9
3 2505 0.9
3 2640 0.9
3 2752 0.9
3 2957 0.9
3 3096 0.9
3 3098 0.9
3 3107 0.9
3 3124 0.9
3 3127 0.9
3 3132 0.9
3 3137 0.9
3 3223 0.9
3 3305 0.9
3 3337 0.9
3 3348 0.9
3 3405 0.9
3 3472 0.9
3 3535 0.9
3 3536 0.9
3 3573 0.9
3 3718 0.9
3 3767 0.9
3 3768 0.9
4 1 0.9
4 2 0.9
4 3 0.9
4 5 0.9
4 7 0.9
4 8 0.9
4 10 0.9
4 12 0.9
4 15 0.9
4 30 0.9
4 1291 0.9
4 1615 0.9
4 1703 0.9
4 1925 0.9
4 1954 0.9
4 2272 0.9
4 2273 0.9
4 2505 0.9
4 3107 0.9
4 3124 0.9
4 3684 0.9
5 1 0.9
5 2 0.9
5 3 0.9
5 4 0.9
5 7 0.9
5 8 0.9
5 9 0.9
5 11 0.9
5 12 0.9
5 13 0.9
5 14 0.9
5 15 0.9
5 16 0.9
5 28 0.9
5 29 0.9
5 30 0.9
5 37 0.9
5 40 0.9
5 42 0.9
5 51 0.9
5 61 0.9
5 266 0.9
5 420 0.9
5 538 0.9
5 866 0.9
5 880 0.9
5 881 0.9
5 960 0.9
5 1291 0.9
5 1522 0.9
5 1534 0.9
5 1538 0.9
5 1589 0.9
5 1615 0.9
5 1645 0.9
5 1700 0.9
5 1703 0.9
5 1706 0.9
5 1847 0.9
5 1858 0.9
5 1925 0.9
5 1988 0.9
5 2019 0.9
5 2034 0.9
5 2067 0.9
5 2124 0.9
5 2272 0.9
5 2273 0.9
5 2401 0.9
5 2408 0.9
5 2451 0.9
5 2452 0.9
5 2505 0.9
5 2523 0.9
5 2640 0.9
5 2752 0.9
5 3047 0.9
5 3096 0.9
5 3098 0.9
5 3107 0.9
5 3127 0.9
5 3137 0.9
5 3305 0.9
5 3405 0.9
5 3440 0.9
5 3495 0.9
5 3573 0.9
5 3611 0.9
5 3683 0.9
5 3684 0.9
5 3694 0.9
6 52 0.9
6 811 0.9
6 1086 0.9
6 1703 0.9
6 1925 0.9
6 2456 0.9
7 1 0.9
7 2 0.9
7 3 0.9
7 4 0.9
7 5 0.9
7 8 0.9
7 9 0.9
7 10 0.9
7 12 0.9
7 15 0.9
7 18 0.9
7 20 0.9
7 27 0.9
7 30 0.9
7 37 0.9
7 39 0.9
7 42 0.9
7 43 0.9
7 45 0.9
7 51 0.9
7 109 0.9
7 483 0.9
7 504 0.9
7 866 0.9
7 869 0.9
7 960 0.9
7 1390 0.9
7 1589 0.9
7 1703 0.9
7 1706 0.9
7 1925 0.9
7 2019 0.9
7 2173 0.9
7 2174 0.9
7 2175 0.9
7 2176 0.9
7 2177 0.9
7 2244 0.9
7 2258 0.9
7 2272 0.9
7 2273 0.9
7 2408 0.9
7 2752 0.9
7 3107 0.9
7 3137 0.9
7 3348 0.9
7 3404 0.9
7 3405 0.9
7 3495 0.9
7 3573 0.9
7 3710 0.9
8 1 0.9
8 2 0.9
8 3 0.9
8 4 0.9
8 5 0.9
8 7 0.9
8 9 0.9
8 10 0.9
8 12 0.9
8 13 0.9
8 14 0.9
8 19 0.9
8 53 0.9
8 102 0.9
8 478 0.9
8 704 0.9
8 960 0.9
8 1291 0.9
8 1522 0.9
8 1703 0.9
8 1706 0.9
8 1925 0.9
8 1954 0.9
8 2019 0.9
8 2505 0.9
8 2640 0.9
8 2752 0.9
8 3107 0.9
8 3118 0.9
8 3124 0.9
8 3136 0.9
8 3137 0.9
8 3350 0.9
8 3405 0.9
9 1 0.9
9 2 0.9
9 3 0.9
9 5 0.9
9 7 0.9
9 8 0.9
9 10 0.9
9 11 0.9
9 12 0.9
9 13 0.9
9 15 0.9
9 27 0.9
9 39 0.9
9 42 0.9
9 483 0.9
9 538 0.9
9 960 0.9
9 1390 0.9
9 1522 0.9
9 1700 0.9
9 1703 0.9
9 1706 0.9
9 1710 0.9
9 1925 0.9
9 2173 0.9
9 2174 0.9
9 2175 0.9
9 2176 0.9
9 2177 0.9
9 2408 0.9
9 2752 0.9
9 3107 0.9
9 3127 0.9
9 3137 0.9
9 3305 0.9
9 3348 0.9
9 3573 0.9
10 1 0.9
10 3 0.9
10 4 0.9
10 7 0.9
10 8 0.9
10 9 0.9
10 12 0.9
10 13 0.9
10 19 0.9
10 132 0.9
10 313 0.9
10 934 0.9
10 960 0.9
10 1049 0.9
10 1291 0.9
10 1567 0.9
10 1703 0.9
10 1706 0.9
10 1788 0.9
10 1925 0.9
10 1952 0.9
10 1953 0.9
10 2019 0.9
10 2505 0.9
10 2752 0.9
10 3107 0.9
10 3137 0.9
10 3405 0.9
10 3438 0.9
11 1 0.9
11 2 0.9
11 3 0.9
11 5 0.9
11 9 0.9
11 31 0.9
11 42 0.9
11 51 0.9
11 538 0.9
11 866 0.9
11 1589 0.9
11 2408 0.9
11 2523 0.9
11 2752 0.9
11 3137 0.9
11 3305 0.9
11 3405 0.9
11 3573 0.9
12 1 0.9
12 2 0.9
12 3 0.9
12 4 0.9
12 5 0.9
12 7 0.9
12 8 0.9
12 9 0.9
12 10 0.9
12 13 0.9
12 15 0.9
12 17 0.9
12 23 0.9
12 27 0.9
12 100 0.9
12 483 0.9
12 960 0.9
12 1390 0.9
12 1522 0.9
12 1550 0.9
12 1703 0.9
12 1706 0.9
12 1925 0.9
12 1988 0.9
12 2018 0.9
12 2019 0.9
12 2173 0.9
12 2174 0.9
12 2175 0.9
12 2176 0.9
12 2177 0.9
12 2347 0.9
12 2752 0.9
12 3096 0.9
12 3098 0.9
12 3107 0.9
12 3132 0.9
12 3137 0.9
12 3348 0.9
12 3405 0.9
12 3767 0.9
13 1 0.9
13 2 0.9
13 3 0.9
13 5 0.9
13 8 0.9
13 9 0.9
13 10 0.9
13 12 0.9
13 960 0.9
13 1388 0.9
13 1703 0.9
13 1706 0.9
13 1925 0.9
13 2752 0.9
13 2957 0.9
13 3107 0.9
13 3137 0.9
13 3405 0.9
13 3718 0.9
14 1 0.9
14 2 0.9
14 3 0.9
14 5 0.9
14 8 0.9
14 27 0.9
14 30 0.9
14 483 0.9
14 934 0.9
14 960 0.9
14 1390 0.9
14 1703 0.9
14 1706 0.9
14 1710 0.9
14 2173 0.9
14 2174 0.9
14 2175 0.9
14 2176 0.9
14 2177 0.9
14 2640 0.9
14 3107 0.9
14 3348 0.9
15 1 0.9
15 2 0.9
15 3 0.9
15 4 0.9
15 5 0.9
15 7 0.9
15 9 0.9
15 12 0.9
15 39 0.9
15 411 0.9
15 1703 0.9
15 1925 0.9
15 2019 0.9
15 3107 0.9
15 3405 0.9
15 3601 0.9
16 1 0.9
16 2 0.9
16 5 0.9
16 39 0.9
16 102 0.9
16 1703 0.9
16 1770 0.9
16 2423 0.9
17 1 0.9
17 3 0.9
17 12 0.9
17 47 0.9
17 1703 0.9
17 1925 0.9
17 2023 0.9
17 2752 0.9
17 3107 0.9
17 3137 0.9
18 1 0.9
18 2 0.9
18 3 0.9
18 7 0.9
18 142 0.9
18 1925 0.9
18 2097 0.9
19 1 0.9
19 8 0.9
19 10 0.9
19 25 0.9
19 960 0.9
19 1703 0.9
19 1925 0.9
19 2640 0.9
19 2752 0.9
19 3107 0.9
19 3137 0.9
20 1 0.9
20 3 0.9
20 7 0.9
20 39 0.9
20 1703 0.9
20 1710 0.9
20 1925 0.9
21 1703 0.9
22 2967 0.9
23 1 0.9
23 12 0.9
23 25 0.9
23 28 0.9
23 30 0.9
23 42 0.9
23 43 0.9
23 51 0.9
23 95 0.9
23 100 0.9
23 102 0.9
23 538 0.9
23 770 0.9
23 866 0.9
23 869 0.9
23 1589 0.9
23 1703 0.9
23 1915 0.9
23 1925 0.9
23 1988 0.9
23 2272 0.9
23 2273 0.9
23 2347 0.9
23 2408 0.9
23 2691 0.9
23 2752 0.9
23 3096 0.9
23 3098 0.9
23 3137 0.9
23 3305 0.9
23 3495 0.9
23 3573 0.9
24 1 0.9
24 3 0.9
24 1030 0.9
24 1703 0.9
24 3107 0.9
25 1 0.9
25 2 0.9
25 3 0.9
25 19 0.9
25 23 0.9
25 30 0.9
25 42 0.9
25 43 0.9
25 51 0.9
25 538 0.9
25 866 0.9
25 869 0.9
25 1589 0.9
25 1703 0.9
25 2272 0.9
25 2273 0.9
25 2408 0.9
25 3305 0.9
25 3495 0.9
25 3573 0.9
26 1291 0.9
26 1703 0.9
26 1925 0.9
26 2505 0.9
27 3 0.9
27 7 0.9
27 9 0.9
27 12 0.9
27 14 0.9
27 811 0.9
27 1030 0.9
27 1086 0.9
27 1522 0.9
27 1703 0.9
27 1706 0.9
27 1710 0.9
27 1925 0.9
27 2456 0.9
27 3405 0.9
27 3768 0.9
28 1 0.9
28 2 0.9
28 5 0.9
28 23 0.9
28 95 0.9
28 1703 0.9
28 1925 0.9
29 2 0.9
29 5 0.9
29 42 0.9
29 1703 0.9
29 2408 0.9
29 2752 0.9
29 3137 0.9
29 3573 0.9
30 1 0.9
30 2 0.9
30 3 0.9
30 4 0.9
30 5 0.9
30 7 0.9
30 14 0.9
30 23 0.9
30 25 0.9
30 42 0.9
30 43 0.9
30 51 0.9
30 449 0.9
30 538 0.9
30 866 0.9
30 869 0.9
30 1522 0.9
30 1589 0.9
30 1710 0.9
30 1977 0.9
30 1988 0.9
30 2019 0.9
30 2272 0.9
30 2273 0.9
30 2408 0.9
30 3096 0.9
30 3098 0.9
30 3107 0.9
30 3305 0.9
30 3495 0.9
30 3573 0.9
31 2 0.9
31 3 0.9
31 11 0.9
31 42 0.9
31 538 0.9
31 1388 0.9
31 1700 0.9
31 2408 0.9
31 2752 0.9
31 3107 0.9
31 3127 0.9
31 3137 0.9
31 3305 0.9
31 3573 0.9
31 3718 0.9
33 1 0.9
33 1703 0.9
35 1 0.9
35 2 0.9
35 3249 0.9
35 3421 0.9
36 2 0.9
36 3 0.9
36 58 0.9
36 232 0.9
36 1925 0.9
36 3337 0.9
37 1 0.9
37 2 0.9
37 3 0.9
37 5 0.9
37 7 0.9
37 607 0.9
39 1 0.9
39 2 0.9
39 3 0.9
39 7 0.9
39 9 0.9
39 15 0.9
39 16 0.9
39 20 0.9
39 1703 0.9
39 1710 0.9
39 3405 0.9
40 2 0.9
40 3 0.9
40 5 0.9
40 46 0.9
40 56 0.9
40 332 0.9
40 761 0.9
40 960 0.9
40 1291 0.9
40 1703 0.9
40 2505 0.9
41 1 0.9
41 2 0.9
41 58 0.9
41 3053 0.9
41 3337 0.9
41 3421 0.9
41 3647 0.9
42 1 0.9
42 2 0.9
42 3 0.9
42 5 0.9
42 7 0.9
42 9 0.9
42 11 0.9
42 23 0.9
42 25 0.9
42 29 0.9
42 30 0.9
42 31 0.9
42 43 0.9
42 45 0.9
42 51 0.9
42 102 0.9
42 217 0.9
42 504 0.9
42 538 0.9
42 819 0.9
42 866 0.9
42 869 0.9
42 960 0.9
42 1384 0.9
42 1589 0.9
42 1700 0.9
42 1703 0.9
42 1706 0.9
42 2062 0.9
42 2067 0.9
42 2272 0.9
42 2273 0.9
42 2351 0.9
42 2752 0.9
42 3127 0.9
42 3137 0.9
42 3305 0.9
42 3405 0.9
42 3495 0.9
42 3710 0.9
43 1 0.9
43 2 0.9
43 7 0.9
43 23 0.9
43 25 0.9
43 30 0.9
43 42 0.9
43 45 0.9
43 51 0.9
43 102 0.9
43 113 0.9
43 504 0.9
43 538 0.9
43 866 0.9
43 869 0.9
43 880 0.9
43 960 0.9
43 1589 0.9
43 1703 0.9
43 1706 0.9
43 2272 0.9
43 2273 0.9
43 2408 0.9
43 3305 0.9
43 3495 0.9
43 3573 0.9
43 3710 0.9
45 7 0.9
45 42 0.9
45 43 0.9
45 51 0.9
45 113 0.9
45 504 0.9
45 866 0.9
45 869 0.9
45 960 0.9
45 1589 0.9
45 1703 0.9
45 1706 0.9
45 2272 0.9
45 2273 0.9
45 2408 0.9
45 3573 0.9
45 3710 0.9
46 2 0.9
46 40 0.9
46 56 0.9
46 1703 0.9
47 1 0.9
47 17 0.9
47 1703 0.9
47 1925 0.9
47 2023 0.9
47 2752 0.9
47 3132 0.9
47 3137 0.9
48 2 0.9
48 3226 0.9
48 3421 0.9
50 1 0.9
50 2 0.9
50 2656 0.9
51 1 0.9
51 2 0.9
51 5 0.9
51 7 0.9
51 11 0.9
51 23 0.9
51 25 0.9
51 30 0.9
51 42 0.9
51 43 0.9
51 45 0.9
51 102 0.9
51 217 0.9
51 504 0.9
51 538 0.9
51 819 0.9
51 869 0.9
51 960 0.9
51 1384 0.9
51 1700 0.9
51 1703 0.9
51 1706 0.9
51 2062 0.9
51 2272 0.9
51 2273 0.9
51 2351 0.9
51 2408 0.9
51 2752 0.9
51 3127 0.9
51 3137 0.9
51 3305 0.9
51 3495 0.9
51 3573 0.9
51 3710 0.9
52 1 0.9
52 6 0.9
52 811 0.9
52 1086 0.9
52 1703 0.9
52 2456 0.9
53 1 0.9
53 2 0.9
53 3 0.9
53 8 0.9
53 1703 0.9
53 1925 0.9
53 2752 0.9
53 3137 0.9
56 40 0.9
56 46 0.9
58 2 0.9
58 3 0.9
58 36 0.9
58 41 0.9
58 880 0.9
58 1925 0.9
59 2 0.9
60 2752 0.9
60 3137 0.9
61 5 0.9
61 1291 0.9
61 2505 0.9
64 1 0.9
64 1291 0.9
64 2505 0.9
70 2 0.9
70 75 0.9
70 121 0.9
75 2 0.9
75 70 0.9
75 121 0.9
77 1 0.9
79 1 0.9
79 2 0.9
80 2 0.9
80 2734 0.9
83 1 0.9
83 2 0.9
83 3 0.9
83 1703 0.9
83 1925 0.9
86 2 0.9
86 2752 0.9
86 3137 0.9
94 3 0.9
95 23 0.9
95 28 0.9
99 3 0.9
99 1706 0.9
99 3107 0.9
100 1 0.9
100 2 0.9
100 12 0.9
100 23 0.9
100 1703 0.9
100 2752 0.9
100 3137 0.9
101 751 0.9
101 1788 0.9
101 1952 0.9
101 1953 0.9
101 2539 0.9
101 3744 0.9
102 8 0.9
102 16 0.9
102 23 0.9
102 42 0.9
102 43 0.9
102 51 0.9
102 538 0.9
102 866 0.9
102 1589 0.9
102 1703 0.9
102 1925 0.9
102 2272 0.9
102 2273 0.9
102 2408 0.9
102 3305 0.9
102 3573 0.9
103 2656 0.9
106 3 0.9
106 1706 0.9
109 7 0.9
113 43 0.9
113 45 0.9
113 880 0.9
121 2 0.9
121 70 0.9
121 75 0.9
124 2 0.9
124 3 0.9
124 726 0.9
124 1686 0.9
124 3535 0.9
124 3536 0.9
132 10 0.9
132 3107 0.9
142 2 0.9
142 18 0.9
142 1925 0.9
142 2097 0.9
143 3 0.9
172 1 0.9
173 2001 0.9
173 2630 0.9
209 2 0.9
217 42 0.9
217 51 0.9
217 392 0.9
217 538 0.9
217 819 0.9
217 866 0.9
217 1384 0.9
217 1589 0.9
217 2272 0.9
217 2273 0.9
217 2351 0.9
217 2408 0.9
217 3305 0.9
217 3573 0.9
217 3659 0.9
222 2272 0.9
222 2273 0.9
222 2752 0.9
222 3137 0.9
232 2 0.9
232 3 0.9
232 36 0.9
232 1287 0.9
232 1925 0.9
266 2 0.9
266 5 0.9
270 2 0.9
279 1522 0.9
280 2001 0.9
280 2630 0.9
289 1 0.9
289 2 0.9
298 2 0.9
312 880 0.9
313 1 0.9
313 10 0.9
313 1703 0.9
313 1925 0.9
313 3107 0.9
318 2 0.9
332 2 0.9
332 40 0.9
370 2 0.9
392 217 0.9
392 699 0.9
392 702 0.9
392 819 0.9
392 2062 0.9
392 2351 0.9
392 3248 0.9
392 3435 0.9
411 15 0.9
420 2 0.9
420 5 0.9
427 2 0.9
442 2 0.9
449 30 0.9
449 3107 0.9
455 2 0.9
478 1 0.9
478 2 0.9
478 3 0.9
478 8 0.9
478 1703 0.9
478 1925 0.9
478 2752 0.9
478 3137 0.9
483 3 0.9
483 7 0.9
483 9 0.9
483 12 0.9
483 14 0.9
483 811 0.9
483 1030 0.9
483 1086 0.9
483 1522 0.9
483 1703 0.9
483 1706 0.9
483 1710 0.9
483 1925 0.9
483 2456 0.9
483 3405 0.9
483 3768 0.9
504 7 0.9
504 42 0.9
504 43 0.9
504 45 0.9
504 51 0.9
504 820 0.9
504 866 0.9
504 869 0.9
504 960 0.9
504 1589 0.9
504 1703 0.9
504 1706 0.9
504 2272 0.9
504 2273 0.9
504 2408 0.9
504 3573 0.9
504 3630 0.9
538 1 0.9
538 2 0.9
538 3 0.9
538 5 0.9
538 9 0.9
538 11 0.9
538 23 0.9
538 25 0.9
538 30 0.9
538 31 0.9
538 42 0.9
538 43 0.9
538 51 0.9
538 102 0.9
538 217 0.9
538 673 0.9
538 819 0.9
538 866 0.9
538 869 0.9
538 1384 0.9
538 1388 0.9
538 1534 0.9
538 1538 0.9
538 1589 0.9
538 1700 0.9
538 1703 0.9
538 1925 0.9
538 2062 0.9
538 2124 0.9
538 2272 0.9
538 2273 0.9
538 2351 0.9
538 2408 0.9
538 2451 0.9
538 2452 0.9
538 2752 0.9
538 3047 0.9
538 3127 0.9
538 3137 0.9
538 3405 0.9
538 3495 0.9
538 3573 0.9
538 3718 0.9
572 2272 0.9
572 2273 0.9
572 2752 0.9
572 3137 0.9
607 1 0.9
607 37 0.9
626 2 0.9
673 538 0.9
673 2752 0.9
673 3137 0.9
673 3305 0.9
699 392 0.9
699 702 0.9
699 3435 0.9
699 3659 0.9
702 392 0.9
702 699 0.9
702 880 0.9
702 3248 0.9
702 3659 0.9
704 2 0.9
704 8 0.9
726 2 0.9
726 3 0.9
726 124 0.9
726 1555 0.9
726 2081 0.9
726 3223 0.9
746 3107 0.9
751 101 0.9
751 755 0.9
751 1788 0.9
751 1952 0.9
751 1953 0.9
751 2035 0.9
751 3744 0.9
755 751 0.9
755 1788 0.9
755 1952 0.9
755 1953 0.9
755 2539 0.9
755 3744 0.9
756 3 0.9
756 1703 0.9
761 2 0.9
761 40 0.9
770 1 0.9
770 23 0.9
770 1703 0.9
770 1925 0.9
811 3 0.9
811 6 0.9
811 27 0.9
811 52 0.9
811 483 0.9
811 1390 0.9
811 1703 0.9
811 2173 0.9
811 2174 0.9
811 2175 0.9
811 2176 0.9
811 2177 0.9
811 3348 0.9
819 42 0.9
819 51 0.9
819 217 0.9
819 392 0.9
819 538 0.9
819 866 0.9
819 1384 0.9
819 1589 0.9
819 2062 0.9
819 2272 0.9
819 2273 0.9
819 2408 0.9
819 3305 0.9
819 3573 0.9
819 3659 0.9
820 504 0.9
820 3710 0.9
839 2 0.9
839 2034 0.9
839 2401 0.9
866 1 0.9
866 2 0.9
866 5 0.9
866 7 0.9
866 11 0.9
866 23 0.9
866 25 0.9
866 30 0.9
866 42 0.9
866 43 0.9
866 45 0.9
866 102 0.9
866 217 0.9
866 504 0.9
866 538 0.9
866 819 0.9
866 869 0.9
866 960 0.9
866 1384 0.9
866 1700 0.9
866 1703 0.9
866 1706 0.9
866 2062 0.9
866 2272 0.9
866 2273 0.9
866 2351 0.9
866 2408 0.9
866 2752 0.9
866 3127 0.9
866 3137 0.9
866 3305 0.9
866 3495 0.9
866 3573 0.9
866 3710 0.9
869 7 0.9
869 23 0.9
869 25 0.9
869 30 0.9
869 42 0.9
869 43 0.9
869 45 0.9
869 51 0.9
869 504 0.9
869 538 0.9
869 866 0.9
869 960 0.9
869 1589 0.9
869 1703 0.9
869 1706 0.9
869 2272 0.9
869 2273 0.9
869 2408 0.9
869 3305 0.9
869 3495 0.9
869 3573 0.9
869 3710 0.9
880 5 0.9
880 43 0.9
880 58 0.9
880 113 0.9
880 312 0.9
880 702 0.9
880 881 0.9
880 2833 0.9
880 3337 0.9
880 3435 0.9
881 5 0.9
881 880 0.9
881 2833 0.9
902 1 0.9
902 2 0.9
902 3 0.9
902 1291 0.9
902 2505 0.9
918 2752 0.9
918 3137 0.9
933 1 0.9
933 3 0.9
933 1703 0.9
933 1925 0.9
933 2023 0.9
933 2089 0.9
934 10 0.9
934 14 0.9
934 960 0.9
934 2752 0.9
934 3107 0.9
934 3137 0.9
960 1 0.9
960 2 0.9
960 3 0.9
960 5 0.9
960 7 0.9
960 8 0.9
960 9 0.9
960 10 0.9
960 12 0.9
960 13 0.9
960 14 0.9
960 19 0.9
960 40 0.9
960 42 0.9
960 43 0.9
960 45 0.9
960 51 0.9
960 504 0.9
960 866 0.9
960 869 0.9
960 934 0.9
960 1291 0.9
960 1522 0.9
960 1589 0.9
960 1703 0.9
960 1706 0.9
960 1710 0.9
960 1925 0.9
960 2272 0.9
960 2273 0.9
960 2408 0.9
960 2505 0.9
960 2640 0.9
960 2752 0.9
960 3107 0.9
960 3137 0.9
960 3405 0.9
960 3573 0.9
960 3710 0.9
969 3 0.9
1008 3 0.9
1017 2 0.9
1019 1 0.9
1019 1703 0.9
1030 1 0.9
1030 2 0.9
1030 3 0.9
1030 24 0.9
1030 27 0.9
1030 483 0.9
1030 1390 0.9
1030 1550 0.9
1030 1703 0.9
1030 1925 0.9
1030 2018 0.9
1030 2173 0.9
1030 2174 0.9
1030 2175 0.9
1030 2176 0.9
1030 2177 0.9
1030 3107 0.9
1030 3348 0.9
1030 3767 0.9
1030 3768 0.9
1049 10 0.9
1049 3107 0.9
1060 1703 0.9
1086 3 0.9
1086 6 0.9
1086 27 0.9
1086 52 0.9
1086 483 0.9
1086 1390 0.9
1086 1703 0.9
1086 2173 0.9
1086 2174 0.9
1086 2175 0.9
1086 2176 0.9
1086 2177 0.9
1086 3348 0.9
1115 2 0.9
1126 1703 0.9
1198 2 0.9
1202 3 0.9
1287 232 0.9
1287 1925 0.9
1287 3647 0.9
1291 1 0.9
1291 2 0.9
1291 3 0.9
1291 4 0.9
1291 5 0.9
1291 8 0.9
1291 10 0.9
1291 26 0.9
1291 40 0.9
1291 61 0.9
1291 64 0.9
1291 902 0.9
1291 960 0.9
1291 1615 0.9
1291 1703 0.9
1291 1925 0.9
1291 2019 0.9
1291 2752 0.9
1291 3107 0.9
1291 3137 0.9
1291 3684 0.9
1333 1 0.9
1333 2 0.9
1384 42 0.9
1384 51 0.9
1384 217 0.9
1384 538 0.9
1384 819 0.9
1384 866 0.9
1384 1589 0.9
1384 2062 0.9
1384 2272 0.9
1384 2273 0.9
1384 2351 0.9
1384 2408 0.9
1384 3305 0.9
1384 3573 0.9
1388 1 0.9
1388 2 0.9
1388 3 0.9
1388 13 0.9
1388 31 0.9
1388 538 0.9
1388 3107 0.9
1388 3305 0.9
1390 3 0.9
1390 7 0.9
1390 9 0.9
1390 12 0.9
1390 14 0.9
1390 811 0.9
1390 1030 0.9
1390 1086 0.9
1390 1522 0.9
1390 1703 0.9
1390 1706 0.9
1390 1710 0.9
1390 1925 0.9
1390 2456 0.9
1390 3405 0.9
1390 3768 0.9
1479 2192 0.9
1479 2628 0.9
1479 3457 0.9
1479 3881 0.9
1479 3882 0.9
1511 1 0.9
1511 2 0.9
1511 3 0.9
1511 1703 0.9
1511 1925 0.9
1522 1 0.9
1522 2 0.9
1522 3 0.9
1522 5 0.9
1522 8 0.9
1522 9 0.9
1522 12 0.9
1522 27 0.9
1522 30 0.9
1522 279 0.9
1522 483 0.9
1522 960 0.9
1522 1390 0.9
1522 1703 0.9
1522 1706 0.9
1522 1925 0.9
1522 1988 0.9
1522 2001 0.9
1522 2173 0.9
1522 2174 0.9
1522 2175 0.9
1522 2176 0.9
1522 2177 0.9
1522 2624 0.9
1522 2630 0.9
1522 2752 0.9
1522 3096 0.9
1522 3098 0.9
1522 3107 0.9
1522 3137 0.9
1522 3348 0.9
1522 3405 0.9
1524 1703 0.9
1529 2272 0.9
1529 2273 0.9
1529 2752 0.9
1529 3137 0.9
1534 2 0.9
1534 5 0.9
1534 538 0.9
1534 3305 0.9
1538 2 0.9
1538 5 0.9
1538 538 0.9
1538 3305 0.9
1550 3 0.9
1550 12 0.9
1550 1030 0.9
1550 1703 0.9
1550 1925 0.9
1550 2752 0.9
1550 3137 0.9
1550 3768 0.9
1555 2 0.9
1555 3 0.9
1555 726 0.9
1555 1686 0.9
1555 3535 0.9
1555 3536 0.9
1557 2 0.9
1567 10 0.9
1567 3107 0.9
1589 1 0.9
1589 2 0.9
1589 5 0.9
1589 7 0.9
1589 11 0.9
1589 23 0.9
1589 25 0.9
1589 30 0.9
1589 42 0.9
1589 43 0.9
1589 45 0.9
1589 102 0.9
1589 217 0.9
1589 504 0.9
1589 538 0.9
1589 819 0.9
1589 869 0.9
1589 960 0.9
1589 1384 0.9
1589 1700 0.9
1589 1703 0.9
1589 1706 0.9
1589 2062 0.9
1589 2272 0.9
1589 2273 0.9
1589 2351 0.9
1589 2408 0.9
1589 2752 0.9
1589 3127 0.9
1589 3137 0.9
1589 3305 0.9
1589 3495 0.9
1589 3573 0.9
1589 3710 0.9
1612 1 0.9
1612 2 0.9
1612 3 0.9
1612 1703 0.9
1612 1925 0.9
1615 1 0.9
1615 2 0.9
1615 4 0.9
1615 5 0.9
1615 1291 0.9
1615 1703 0.9
1615 2019 0.9
1615 2505 0.9
1620 1703 0.9
1645 2 0.9
1645 5 0.9
1655 1703 0.9
1655 1925 0.9
1682 2 0.9
1683 2 0.9
1686 2 0.9
1686 3 0.9
1686 124 0.9
1686 1555 0.9
1686 2081 0.9
1686 3223 0.9
1700 1 0.9
1700 2 0.9
1700 3 0.9
1700 5 0.9
1700 9 0.9
1700 31 0.9
1700 42 0.9
1700 51 0.9
1700 538 0.9
1700 866 0.9
1700 1589 0.9
1700 2408 0.9
1700 2523 0.9
1700 2752 0.9
1700 3137 0.9
1700 3305 0.9
1700 3405 0.9
1700 3573 0.9
1703 1 0.9
1703 2 0.9
1703 3 0.9
1703 4 0.9
1703 5 0.9
1703 6 0.9
1703 7 0.9
1703 8 0.9
1703 9 0.9
1703 10 0.9
1703 12 0.9
1703 13 0.9
1703 14 0.9
1703 15 0.9
1703 16 0.9
1703 17 0.9
1703 19 0.9
1703 20 0.9
1703 21 0.9
1703 23 0.9
1703 24 0.9
1703 25 0.9
1703 26 0.9
1703 27 0.9
1703 28 0.9
1703 29 0.9
1703 33 0.9
1703 39 0.9
1703 40 0.9
1703 42 0.9
1703 43 0.9
1703 45 0.9
1703 46 0.9
1703 47 0.9
1703 51 0.9
1703 52 0.9
1703 53 0.9
1703 83 0.9
1703 100 0.9
1703 102 0.9
1703 313 0.9
1703 478 0.9
1703 483 0.9
1703 504 0.9
1703 538 0.9
1703 756 0.9
1703 770 0.9
1703 811 0.9
1703 866 0.9
1703 869 0.9
1703 933 0.9
1703 960 0.9
1703 1019 0.9
1703 1030 0.9
1703 1060 0.9
1703 1086 0.9
1703 1126 0.9
1703 1291 0.9
1703 1390 0.9
1703 1511 0.9
1703 1522 0.9
1703 1524 0.9
1703 1550 0.9
1703 1589 0.9
1703 1612 0.9
1703 1615 0.9
1703 1620 0.9
1703 1655 0.9
1703 1706 0.9
1703 1710 0.9
1703 1788 0.9
1703 1815 0.9
1703 1915 0.9
1703 1925 0.9
1703 1952 0.9
1703 1953 0.9
1703 1988 0.9
1703 2018 0.9
1703 2019 0.9
1703 2023 0.9
1703 2067 0.9
1703 2173 0.9
1703 2174 0.9
1703 2175 0.9
1703 2176 0.9
1703 2177 0.9
1703 2244 0.9
1703 2252 0.9
1703 2258 0.9
1703 2272 0.9
1703 2273 0.9
1703 2314 0.9
1703 2347 0.9
1703 2408 0.9
1703 2456 0.9
1703 2505 0.9
1703 2640 0.9
1703 2644 0.9
1703 2645 0.9
1703 2691 0.9
1703 2752 0.9
1703 3096 0.9
1703 3098 0.9
1703 3107 0.9
1703 3132 0.9
1703 3137 0.9
1703 3239 0.9
1703 3305 0.9
1703 3348 0.9
1703 3404 0.9
1703 3405 0.9
1703 3438 0.9
1703 3573 0.9
1703 3684 0.9
1703 3710 0.9
1703 3736 0.9
1703 3767 0.9
1703 3768 0.9
1706 1 0.9
1706 2 0.9
1706 3 0.9
1706 5 0.9
1706 7 0.9
1706 8 0.9
1706 9 0.9
1706 10 0.9
1706 12 0.9
1706 13 0.9
1706 14 0.9
1706 27 0.9
1706 42 0.9
1706 43 0.9
1706 45 0.9
1706 51 0.9
1706 99 0.9
1706 106 0.9
1706 483 0.9
1706 504 0.9
1706 866 0.9
1706 869 0.9
1706 960 0.9
1706 1390 0.9
1706 1522 0.9
1706 1589 0.9
1706 1703 0.9
1706 1925 0.9
1706 2173 0.9
1706 2174 0.9
1706 2175 0.9
1706 2176 0.9
1706 2177 0.9
1706 2272 0.9
1706 2273 0.9
1706 2408 0.9
1706 2640 0.9
1706 3107 0.9
1706 3348 0.9
1706 3405 0.9
1706 3573 0.9
1706 3710 0.9
1710 1 0.9
1710 2 0.9
1710 3 0.9
1710 9 0.9
1710 14 0.9
1710 20 0.9
1710 27 0.9
1710 30 0.9
1710 39 0.9
1710 483 0.9
1710 960 0.9
1710 1390 0.9
1710 1703 0.9
1710 1925 0.9
1710 2173 0.9
1710 2174 0.9
1710 2175 0.9
1710 2176 0.9
1710 2177 0.9
1710 2640 0.9
1710 3107 0.9
1710 3348 0.9
1710 3405 0.9
1719 1 0.9
1719 2 0.9
1719 2136 0.9
1770 1 0.9
1770 16 0.9
1788 3 0.9
1788 10 0.9
1788 101 0.9
1788 751 0.9
1788 755 0.9
1788 1703 0.9
1788 1925 0.9
1788 2035 0.9
1788 2539 0.9
1788 3107 0.9
1788 3744 0.9
1793 2272 0.9
1793 2273 0.9
1793 2752 0.9
1793 3137 0.9
1815 1703 0.9
1847 2 0.9
1847 5 0.9
1858 2 0.9
1858 5 0.9
1915 1 0.9
1915 23 0.9
1915 1703 0.9
1915 1925 0.9
1925 1 0.9
1925 2 0.9
1925 3 0.9
1925 4 0.9
1925 5 0.9
1925 6 0.9
1925 7 0.9
1925 8 0.9
1925 9 0.9
1925 10 0.9
1925 12 0.9
1925 13 0.9
1925 15 0.9
1925 17 0.9
1925 18 0.9
1925 19 0.9
1925 20 0.9
1925 23 0.9
1925 26 0.9
1925 27 0.9
1925 28 0.9
1925 36 0.9
1925 47 0.9
1925 53 0.9
1925 58 0.9
1925 83 0.9
1925 102 0.9
1925 142 0.9
1925 232 0.9
1925 313 0.9
1925 478 0.9
1925 483 0.9
1925 538 0.9
1925 770 0.9
1925 933 0.9
1925 960 0.9
1925 1030 0.9
1925 1287 0.9
1925 1291 0.9
1925 1390 0.9
1925 1511 0.9
1925 1522 0.9
1925 1550 0.9
1925 1612 0.9
1925 1655 0.9
1925 1703 0.9
1925 1706 0.9
1925 1710 0.9
1925 1788 0.9
1925 1915 0.9
1925 1952 0.9
1925 1953 0.9
1925 2018 0.9
1925 2019 0.9
1925 2023 0.9
1925 2173 0.9
1925 2174 0.9
1925 2175 0.9
1925 2176 0.9
1925 2177 0.9
1925 2258 0.9
1925 2505 0.9
1925 2640 0.9
1925 2691 0.9
1925 2752 0.9
1925 3107 0.9
1925 3132 0.9
1925 3137 0.9
1925 3305 0.9
1925 3337 0.9
1925 3348 0.9
1925 3404 0.9
1925 3405 0.9
1925 3472 0.9
1925 3647 0.9
1925 3767 0.9
1925 3768 0.9
1932 2 0.9
1952 3 0.9
1952 10 0.9
1952 101 0.9
1952 751 0.9
1952 755 0.9
1952 1703 0.9
1952 1925 0.9
1952 2035 0.9
1952 2539 0.9
1952 3107 0.9
1952 3744 0.9
1953 3 0.9
1953 10 0.9
1953 101 0.9
1953 751 0.9
1953 755 0.9
1953 1703 0.9
1953 1925 0.9
1953 2035 0.9
1953 2539 0.9
1953 3107 0.9
1953 3744 0.9
1954 3 0.9
1954 4 0.9
1954 8 0.9
1954 2019 0.9
1957 2272 0.9
1957 2273 0.9
1957 2752 0.9
1957 3137 0.9
1977 3 0.9
1977 30 0.9
1977 3107 0.9
1988 1 0.9
1988 2 0.9
1988 3 0.9
1988 5 0.9
1988 12 0.9
1988 23 0.9
1988 30 0.9
1988 1522 0.9
1988 1703 0.9
1988 2752 0.9
1988 3137 0.9
1988 3240 0.9
2001 173 0.9
2001 280 0.9
2001 1522 0.9
2001 3470 0.9
2010 3107 0.9
2018 3 0.9
2018 12 0.9
2018 1030 0.9
2018 1703 0.9
2018 1925 0.9
2018 2752 0.9
2018 3137 0.9
2018 3768 0.9
2019 1 0.9
2019 2 0.9
2019 3 0.9
2019 5 0.9
2019 7 0.9
2019 8 0.9
2019 10 0.9
2019 12 0.9
2019 15 0.9
2019 30 0.9
2019 1291 0.9
2019 1615 0.9
2019 1703 0.9
2019 1925 0.9
2019 1954 0.9
2019 2272 0.9
2019 2273 0.9
2019 2505 0.9
2019 3107 0.9
2019 3124 0.9
2019 3684 0.9
2023 1 0.9
2023 17 0.9
2023 47 0.9
2023 933 0.9
2023 1703 0.9
2023 1925 0.9
2023 3132 0.9
2034 2 0.9
2034 5 0.9
2034 839 0.9
2034 2752 0.9
2034 3137 0.9
2034 3753 0.9
2035 751 0.9
2035 1788 0.9
2035 1952 0.9
2035 1953 0.9
2035 2539 0.9
2035 3744 0.9
2036 1 0.9
2062 42 0.9
2062 51 0.9
2062 392 0.9
2062 538 0.9
2062 819 0.9
2062 866 0.9
2062 1384 0.9
2062 1589 0.9
2062 2272 0.9
2062 2273 0.9
2062 2351 0.9
2062 2408 0.9
2062 3305 0.9
2062 3573 0.9
2062 3659 0.9
2067 2 0.9
2067 5 0.9
2067 42 0.9
2067 1703 0.9
2067 2408 0.9
2067 2752 0.9
2067 3137 0.9
2067 3573 0.9
2081 2 0.9
2081 3 0.9
2081 726 0.9
2081 1686 0.9
2081 3535 0.9
2081 3536 0.9
2089 2 0.9
2089 933 0.9
2097 2 0.9
2097 18 0.9
2097 142 0.9
2124 2 0.9
2124 5 0.9
2124 538 0.9
2124 3305 0.9
2136 1 0.9
2136 1719 0.9
2155 2272 0.9
2155 2273 0.9
2155 2752 0.9
2155 3137 0.9
2173 3 0.9
2173 7 0.9
2173 9 0.9
2173 12 0.9
2173 14 0.9
2173 811 0.9
2173 1030 0.9
2173 1086 0.9
2173 1522 0.9
2173 1703 0.9
2173 1706 0.9
2173 1710 0.9
2173 1925 0.9
2173 2456 0.9
2173 3405 0.9
2173 3768 0.9
2174 3 0.9
2174 7 0.9
2174 9 0.9
2174 12 0.9
2174 14 0.9
2174 811 0.9
2174 1030 0.9
2174 1086 0.9
2174 1522 0.9
2174 1703 0.9
2174 1706 0.9
2174 1710 0.9
2174 1925 0.9
2174 2456 0.9
2174 3405 0.9
2174 3768 0.9
2175 3 0.9
2175 7 0.9
2175 9 0.9
2175 12 0.9
2175 14 0.9
2175 811 0.9
2175 1030 0.9
2175 1086 0.9
2175 1522 0.9
2175 1703 0.9
2175 1706 0.9
2175 1710 0.9
2175 1925 0.9
2175 2456 0.9
2175 3405 0.9
2175 3768 0.9
2176 3 0.9
2176 7 0.9
2176 9 0.9
2176 12 0.9
2176 14 0.9
2176 811 0.9
2176 1030 0.9
2176 1086 0.9
2176 1522 0.9
2176 1703 0.9
2176 1706 0.9
2176 1710 0.9
2176 1925 0.9
2176 2456 0.9
2176 3405 0.9
2176 3768 0.9
2177 3 0.9
2177 7 0.9
2177 9 0.9
2177 12 0.9
2177 14 0.9
2177 811 0.9
2177 1030 0.9
2177 1086 0.9
2177 1522 0.9
2177 1703 0.9
2177 1706 0.9
2177 1710 0.9
2177 1925 0.9
2177 2456 0.9
2177 3405 0.9
2177 3768 0.9
2192 1479 0.9
2192 2628 0.9
2192 3881 0.9
2192 3882 0.9
2244 1 0.9
2244 7 0.9
2244 1703 0.9
2252 1 0.9
2252 1703 0.9
2258 7 0.9
2258 1703 0.9
2258 1925 0.9
2272 1 0.9
2272 2 0.9
2272 3 0.9
2272 4 0.9
2272 5 0.9
2272 7 0.9
2272 23 0.9
2272 25 0.9
2272 30 0.9
2272 42 0.9
2272 43 0.9
2272 45 0.9
2272 51 0.9
2272 102 0.9
2272 217 0.9
2272 222 0.9
2272 504 0.9
2272 538 0.9
2272 572 0.9
2272 819 0.9
2272 866 0.9
2272 869 0.9
2272 960 0.9
2272 1384 0.9
2272 1529 0.9
2272 1589 0.9
2272 1703 0.9
2272 1706 0.9
2272 1793 0.9
2272 1957 0.9
2272 2019 0.9
2272 2062 0.9
2272 2155 0.9
2272 2351 0.9
2272 2408 0.9
2272 2752 0.9
2272 3107 0.9
2272 3137 0.9
2272 3305 0.9
2272 3495 0.9
2272 3573 0.9
2272 3710 0.9
2272 3750 0.9
2273 1 0.9
2273 2 0.9
2273 3 0.9
2273 4 0.9
2273 5 0.9
2273 7 0.9
2273 23 0.9
2273 25 0.9
2273 30 0.9
2273 42 0.9
2273 43 0.9
2273 45 0.9
2273 51 0.9
2273 102 0.9
2273 217 0.9
2273 222 0.9
2273 504 0.9
2273 538 0.9
2273 572 0.9
2273 819 0.9
2273 866 0.9
2273 869 0.9
2273 960 0.9
2273 1384 0.9
2273 1529 0.9
2273 1589 0.9
2273 1703 0.9
2273 1706 0.9
2273 1793 0.9
2273 1957 0.9
2273 2019 0.9
2273 2062 0.9
2273 2155 0.9
2273 2351 0.9
2273 2408 0.9
2273 2752 0.9
2273 3107 0.9
2273 3137 0.9
2273 3305 0.9
2273 3495 0.9
2273 3573 0.9
2273 3710 0.9
2273 3750 0.9
2314 1 0.9
2314 1703 0.9
2314 3107 0.9
2347 1 0.9
2347 2 0.9
2347 12 0.9
2347 23 0.9
2347 1703 0.9
2347 2752 0.9
2347 3137 0.9
2351 42 0.9
2351 51 0.9
2351 217 0.9
2351 392 0.9
2351 538 0.9
2351 866 0.9
2351 1384 0.9
2351 1589 0.9
2351 2062 0.9
2351 2272 0.9
2351 2273 0.9
2351 2408 0.9
2351 3305 0.9
2351 3573 0.9
2351 3659 0.9
2401 2 0.9
2401 5 0.9
2401 839 0.9
2401 2752 0.9
2401 3137 0.9
2401 3753 0.9
2408 1 0.9
2408 2 0.9
2408 3 0.9
2408 5 0.9
2408 7 0.9
2408 9 0.9
2408 11 0.9
2408 23 0.9
2408 25 0.9
2408 29 0.9
2408 30 0.9
2408 31 0.9
2408 43 0.9
2408 45 0.9
2408 51 0.9
2408 102 0.9
2408 217 0.9
2408 504 0.9
2408 538 0.9
2408 819 0.9
2408 866 0.9
2408 869 0.9
2408 960 0.9
2408 1384 0.9
2408 1589 0.9
2408 1700 0.9
2408 1703 0.9
2408 1706 0.9
2408 2062 0.9
2408 2067 0.9
2408 2272 0.9
2408 2273 0.9
2408 2351 0.9
2408 2752 0.9
2408 3127 0.9
2408 3137 0.9
2408 3305 0.9
2408 3405 0.9
2408 3495 0.9
2408 3710 0.9
2414 2 0.9
2423 1 0.9
2423 16 0.9
2451 2 0.9
2451 5 0.9
2451 538 0.9
2451 3305 0.9
2452 2 0.9
2452 5 0.9
2452 538 0.9
2452 3305 0.9
2456 3 0.9
2456 6 0.9
2456 27 0.9
2456 52 0.9
2456 483 0.9
2456 1390 0.9
2456 1703 0.9
2456 2173 0.9
2456 2174 0.9
2456 2175 0.9
2456 2176 0.9
2456 2177 0.9
2456 3348 0.9
2505 1 0.9
2505 2 0.9
2505 3 0.9
2505 4 0.9
2505 5 0.9
2505 8 0.9
2505 10 0.9
2505 26 0.9
2505 40 0.9
2505 61 0.9
2505 64 0.9
2505 902 0.9
2505 960 0.9
2505 1615 0.9
2505 1703 0.9
2505 1925 0.9
2505 2019 0.9
2505 2752 0.9
2505 3107 0.9
2505 3137 0.9
2505 3684 0.9
2523 1 0.9
2523 2 0.9
2523 5 0.9
2523 11 0.9
2523 1700 0.9
2523 3127 0.9
2539 101 0.9
2539 755 0.9
2539 1788 0.9
2539 1952 0.9
2539 1953 0.9
2539 2035 0.9
2539 3744 0.9
2567 1 0.9
2567 2 0.9
2582 2 0.9
2589 1 0.9
2624 1522 0.9
2628 1479 0.9
2628 2192 0.9
2628 3457 0.9
2628 3881 0.9
2628 3882 0.9
2630 173 0.9
2630 280 0.9
2630 1522 0.9
2630 3470 0.9
2633 1 0.9
2634 1 0.9
2635 1 0.9
2636 1 0.9
2637 1 0.9
2640 1 0.9
2640 2 0.9
2640 3 0.9
2640 5 0.9
2640 8 0.9
2640 14 0.9
2640 19 0.9
2640 960 0.9
2640 1703 0.9
2640 1706 0.9
2640 1710 0.9
2640 1925 0.9
2640 2752 0.9
2640 3107 0.9
2640 3137 0.9
2644 1703 0.9
2645 1703 0.9
2656 1 0.9
2656 2 0.9
2656 50 0.9
2656 103 0.9
2691 1 0.9
2691 23 0.9
2691 1703 0.9
2691 1925 0.9
2734 2 0.9
2734 80 0.9
2752 1 0.9
2752 2 0.9
2752 3 0.9
2752 5 0.9
2752 7 0.9
2752 8 0.9
2752 9 0.9
2752 10 0.9
2752 11 0.9
2752 12 0.9
2752 13 0.9
2752 17 0.9
2752 19 0.9
2752 23 0.9
2752 29 0.9
2752 31 0.9
2752 42 0.9
2752 47 0.9
2752 51 0.9
2752 53 0.9
2752 60 0.9
2752 86 0.9
2752 100 0.9
2752 222 0.9
2752 478 0.9
2752 538 0.9
2752 572 0.9
2752 673 0.9
2752 866 0.9
2752 918 0.9
2752 934 0.9
2752 960 0.9
2752 1291 0.9
2752 1522 0.9
2752 1529 0.9
2752 1550 0.9
2752 1589 0.9
2752 1700 0.9
2752 1703 0.9
2752 1793 0.9
2752 1925 0.9
2752 1957 0.9
2752 1988 0.9
2752 2018 0.9
2752 2034 0.9
2752 2067 0.9
2752 2155 0.9
2752 2272 0.9
2752 2273 0.9
2752 2347 0.9
2752 2401 0.9
2752 2408 0.9
2752 2505 0.9
2752 2640 0.9
2752 3096 0.9
2752 3098 0.9
2752 3107 0.9
2752 3127 0.9
2752 3132 0.9
2752 3240 0.9
2752 3305 0.9
2752 3405 0.9
2752 3438 0.9
2752 3472 0.9
2752 3495 0.9
2752 3573 0.9
2752 3750 0.9
2752 3751 0.9
2752 3767 0.9
2832 2 0.9
2833 880 0.9
2833 881 0.9
2957 2 0.9
2957 3 0.9
2957 13 0.9
2967 22 0.9
3047 2 0.9
3047 5 0.9
3047 538 0.9
3047 3305 0.9
3053 41 0.9
3096 1 0.9
3096 2 0.9
3096 3 0.9
3096 5 0.9
3096 12 0.9
3096 23 0.9
3096 30 0.9
3096 1522 0.9
3096 1703 0.9
3096 2752 0.9
3096 3137 0.9
3096 3240 0.9
3098 1 0.9
3098 2 0.9
3098 3 0.9
3098 5 0.9
3098 12 0.9
3098 23 0.9
3098 30 0.9
3098 1522 0.9
3098 1703 0.9
3098 2752 0.9
3098 3137 0.9
3098 3240 0.9
3107 1 0.9
3107 2 0.9
3107 3 0.9
3107 4 0.9
3107 5 0.9
3107 7 0.9
3107 8 0.9
3107 9 0.9
3107 10 0.9
3107 12 0.9
3107 13 0.9
3107 14 0.9
3107 15 0.9
3107 17 0.9
3107 19 0.9
3107 24 0.9
3107 30 0.9
3107 31 0.9
3107 99 0.9
3107 132 0.9
3107 313 0.9
3107 449 0.9
3107 746 0.9
3107 934 0.9
3107 960 0.9
3107 1030 0.9
3107 1049 0.9
3107 1291 0.9
3107 1388 0.9
3107 1522 0.9
3107 1567 0.9
3107 1703 0.9
3107 1706 0.9
3107 1710 0.9
3107 1788 0.9
3107 1925 0.9
3107 1952 0.9
3107 1953 0.9
3107 1977 0.9
3107 2010 0.9
3107 2019 0.9
3107 2272 0.9
3107 2273 0.9
3107 2314 0.9
3107 2505 0.9
3107 2640 0.9
3107 2752 0.9
3107 3132 0.9
3107 3137 0.9
3107 3405 0.9
3107 3718 0.9
3118 8 0.9
3124 3 0.9
3124 4 0.9
3124 8 0.9
3124 2019 0.9
3127 1 0.9
3127 2 0.9
3127 3 0.9
3127 5 0.9
3127 9 0.9
3127 31 0.9
3127 42 0.9
3127 51 0.9
3127 538 0.9
3127 866 0.9
3127 1589 0.9
3127 2408 0.9
3127 2523 0.9
3127 2752 0.9
3127 3137 0.9
3127 3305 0.9
3127 3405 0.9
3127 3573 0.9
3132 1 0.9
3132 3 0.9
3132 12 0.9
3132 47 0.9
3132 1703 0.9
3132 1925 0.9
3132 2023 0.9
3132 2752 0.9
3132 3107 0.9
3132 3137 0.9
3136 2 0.9
3136 8 0.9
3137 1 0.9
3137 2 0.9
3137 3 0.9
3137 5 0.9
3137 7 0.9
3137 8 0.9
3137 9 0.9
3137 10 0.9
3137 11 0.9
3137 12 0.9
3137 13 0.9
3137 17 0.9
3137 19 0.9
3137 23 0.9
3137 29 0.9
3137 31 0.9
3137 42 0.9
3137 47 0.9
3137 51 0.9
3137 53 0.9
3137 60 0.9
3137 86 0.9
3137 100 0.9
3137 222 0.9
3137 478 0.9
3137 538 0.9
3137 572 0.9
3137 673 0.9
3137 866 0.9
3137 918 0.9
3137 934 0.9
3137 960 0.9
3137 1291 0.9
3137 1522 0.9
3137 1529 0.9
3137 1550 0.9
3137 1589 0.9
3137 1700 0.9
3137 1703 0.9
3137 1793 0.9
3137 1925 0.9
3137 1957 0.9
3137 1988 0.9
3137 2018 0.9
3137 2034 0.9
3137 2067 0.9
3137 2155 0.9
3137 2272 0.9
3137 2273 0.9
3137 2347 0.9
3137 2401 0.9
3137 2408 0.9
3137 2505 0.9
3137 2640 0.9
3137 3096 0.9
3137 3098 0.9
3137 3107 0.9
3137 3127 0.9
3137 3132 0.9
3137 3240 0.9
3137 3305 0.9
3137 3405 0.9
3137 3438 0.9
3137 3472 0.9
3137 3495 0.9
3137 3573 0.9
3137 3750 0.9
3137 3751 0.9
3137 3767 0.9
3143 2 0.9
3223 2 0.9
3223 3 0.9
3223 726 0.9
3223 1686 0.9
3223 3535 0.9
3223 3536 0.9
3226 48 0.9
3232 2 0.9
3239 1703 0.9
3240 1 0.9
3240 1988 0.9
3240 2752 0.9
3240 3096 0.9
3240 3098 0.9
3240 3137 0.9
3248 392 0.9
3248 702 0.9
3248 3435 0.9
3248 3659 0.9
3249 1 0.9
3249 2 0.9
3249 35 0.9
3305 1 0.9
3305 2 0.9
3305 3 0.9
3305 5 0.9
3305 9 0.9
3305 11 0.9
3305 23 0.9
3305 25 0.9
3305 30 0.9
3305 31 0.9
3305 42 0.9
3305 43 0.9
3305 51 0.9
3305 102 0.9
3305 217 0.9
3305 673 0.9
3305 819 0.9
3305 866 0.9
3305 869 0.9
3305 1384 0.9
3305 1388 0.9
3305 1534 0.9
3305 1538 0.9
3305 1589 0.9
3305 1700 0.9
3305 1703 0.9
3305 1925 0.9
3305 2062 0.9
3305 2124 0.9
3305 2272 0.9
3305 2273 0.9
3305 2351 0.9
3305 2408 0.9
3305 2451 0.9
3305 2452 0.9
3305 2752 0.9
3305 3047 0.9
3305 3127 0.9
3305 3137 0.9
3305 3405 0.9
3305 3495 0.9
3305 3573 0.9
3305 3718 0.9
3337 2 0.9
3337 3 0.9
3337 36 0.9
3337 41 0.9
3337 880 0.9
3337 1925 0.9
3348 3 0.9
3348 7 0.9
3348 9 0.9
3348 12 0.9
3348 14 0.9
3348 811 0.9
3348 1030 0.9
3348 1086 0.9
3348 1522 0.9
3348 1703 0.9
3348 1706 0.9
3348 1710 0.9
3348 1925 0.9
3348 2456 0.9
3348 3405 0.9
3348 3768 0.9
3350 2 0.9
3350 8 0.9
3404 7 0.9
3404 1703 0.9
3404 1925 0.9
3405 1 0.9
3405 2 0.9
3405 3 0.9
3405 5 0.9
3405 7 0.9
3405 8 0.9
3405 10 0.9
3405 11 0.9
3405 12 0.9
3405 13 0.9
3405 15 0.9
3405 27 0.9
3405 39 0.9
3405 42 0.9
3405 483 0.9
3405 538 0.9
3405 960 0.9
3405 1390 0.9
3405 1522 0.9
3405 1700 0.9
3405 1703 0.9
3405 1706 0.9
3405 1710 0.9
3405 1925 0.9
3405 2173 0.9
3405 2174 0.9
3405 2175 0.9
3405 2176 0.9
3405 2177 0.9
3405 2408 0.9
3405 2752 0.9
3405 3107 0.9
3405 3127 0.9
3405 3137 0.9
3405 3305 0.9
3405 3348 0.9
3405 3573 0.9
3421 1 0.9
3421 2 0.9
3421 35 0.9
3421 41 0.9
3421 48 0.9
3435 392 0.9
3435 699 0.9
3435 880 0.9
3435 3248 0.9
3435 3659 0.9
3438 1 0.9
3438 2 0.9
3438 10 0.9
3438 1703 0.9
3438 2752 0.9
3438 3137 0.9
3438 3472 0.9
3440 2 0.9
3440 5 0.9
3457 1479 0.9
3457 2628 0.9
3457 3881 0.9
3457 3882 0.9
3470 2001 0.9
3470 2630 0.9
3472 3 0.9
3472 1925 0.9
3472 2752 0.9
3472 3137 0.9
3472 3438 0.9
3482 2 0.9
3495 2 0.9
3495 5 0.9
3495 7 0.9
3495 23 0.9
3495 25 0.9
3495 30 0.9
3495 42 0.9
3495 43 0.9
3495 51 0.9
3495 538 0.9
3495 866 0.9
3495 869 0.9
3495 1589 0.9
3495 2272 0.9
3495 2273 0.9
3495 2408 0.9
3495 2752 0.9
3495 3137 0.9
3495 3305 0.9
3495 3573 0.9
3535 2 0.9
3535 3 0.9
3535 124 0.9
3535 1555 0.9
3535 2081 0.9
3535 3223 0.9
3536 2 0.9
3536 3 0.9
3536 124 0.9
3536 1555 0.9
3536 2081 0.9
3536 3223 0.9
3573 1 0.9
3573 2 0.9
3573 3 0.9
3573 5 0.9
3573 7 0.9
3573 9 0.9
3573 11 0.9
3573 23 0.9
3573 25 0.9
3573 29 0.9
3573 30 0.9
3573 31 0.9
3573 43 0.9
3573 45 0.9
3573 51 0.9
3573 102 0.9
3573 217 0.9
3573 504 0.9
3573 538 0.9
3573 819 0.9
3573 866 0.9
3573 869 0.9
3573 960 0.9
3573 1384 0.9
3573 1589 0.9
3573 1700 0.9
3573 1703 0.9
3573 1706 0.9
3573 2062 0.9
3573 2067 0.9
3573 2272 0.9
3573 2273 0.9
3573 2351 0.9
3573 2752 0.9
3573 3127 0.9
3573 3137 0.9
3573 3305 0.9
3573 3405 0.9
3573 3495 0.9
3573 3710 0.9
3601 15 0.9
3611 2 0.9
3611 5 0.9
3630 504 0.9
3630 3710 0.9
3647 1 0.9
3647 2 0.9
3647 41 0.9
3647 1287 0.9
3647 1925 0.9
3659 217 0.9
3659 699 0.9
3659 702 0.9
3659 819 0.9
3659 2062 0.9
3659 2351 0.9
3659 3248 0.9
3659 3435 0.9
3683 2 0.9
3683 5 0.9
3684 1 0.9
3684 2 0.9
3684 4 0.9
3684 5 0.9
3684 1291 0.9
3684 1703 0.9
3684 2019 0.9
3684 2505 0.9
3689 2 0.9
3690 2 0.9
3694 2 0.9
3694 5 0.9
3710 7 0.9
3710 42 0.9
3710 43 0.9
3710 45 0.9
3710 51 0.9
3710 820 0.9
3710 866 0.9
3710 869 0.9
3710 960 0.9
3710 1589 0.9
3710 1703 0.9
3710 1706 0.9
3710 2272 0.9
3710 2273 0.9
3710 2408 0.9
3710 3573 0.9
3710 3630 0.9
3718 1 0.9
3718 2 0.9
3718 3 0.9
3718 13 0.9
3718 31 0.9
3718 538 0.9
3718 3107 0.9
3718 3305 0.9
3736 1703 0.9
3744 101 0.9
3744 751 0.9
3744 755 0.9
3744 1788 0.9
3744 1952 0.9
3744 1953 0.9
3744 2035 0.9
3744 2539 0.9
3750 2272 0.9
3750 2273 0.9
3750 2752 0.9
3750 3137 0.9
3751 2752 0.9
3751 3137 0.9
3753 2 0.9
3753 2034 0.9
3753 2401 0.9
3767 3 0.9
3767 12 0.9
3767 1030 0.9
3767 1703 0.9
3767 1925 0.9
3767 2752 0.9
3767 3137 0.9
3767 3768 0.9
3768 3 0.9
3768 27 0.9
3768 483 0.9
3768 1030 0.9
3768 1390 0.9
3768 1550 0.9
3768 1703 0.9
3768 1925 0.9
3768 2018 0.9
3768 2173 0.9
3768 2174 0.9
3768 2175 0.9
3768 2176 0.9
3768 2177 0.9
3768 3348 0.9
3768 3767 0.9
3881 1479 0.9
3881 2192 0.9
3881 2628 0.9
3881 3457 0.9
3882 1479 0.9
3882 2192 0.9
3882 2628 0.9
3882 3457 0.9
